image: jackal_race_world.pgm
resolution: 0.020000
origin: [-10.000000, -20.200000, 0.000000]
negate: 0
occupied_thresh: 0.65
free_thresh: 0.196

